35
100
124363 507803 489222 169277 929393
100
232386 393219 846083 598988 292720
100
988374 874993 540852 891525 543949
100
439641 66082 949387 309558 311818
100
33472 387509 107432 732364 416077
100
156498 471257 324451 703358 512676
100
648739 542945 983582 683639 680127
100
153760 111058 413590 273202 723792
100
762132 672774 377403 408621 723273
100
917037 388830 320816 999968 103342
100
867163 247803 916505 421179 416152
100
100239 765785 758326 752097 425080
100
740036 955296 900164 414785 300203
100
754988 727461 763723 559733 247859
100
565508 351541 282827 284341 387755
100
748335 506812 292640 354858 448454
100
699718 560877 85827 322434 632348
100
524170 322234 676795 666196 809891
100
291385 665974 209271 357588 128683
100
741357 342049 356180 46557 215273
100
948357 453491 152437 506731 458144
100
551403 863058 271097 220589 527670
100
554356 658295 309062 476402 324763
100
544755 294050 886694 97956 685877
100
458682 821696 77744 245541 915668
100
677759 209360 727299 986413 704855
100
290617 876150 641784 378598 870831
100
681889 892228 602521 795372 429654
100
392581 666538 415113 572219 785243
100
948444 853058 768324 502768 199288
100
946476 789044 551428 279331 160327
100
518451 792822 508126 258929 750820
100
549870 206154 259660 937683 303176
100
431002 953608 426390 446121 262328
100
970126 462148 403545 727311 495172
