35
1000000
550653 603890 337560 851170 555976
1000000
465551 991663 728966 187142 331772
1000000
966434 329253 75029 867949 335181
1000000
48708 552905 636637 486498 14903
1000000
448613 99873 238399 81201 699555
1000000
528460 830185 83534 871322 161928
1000000
713710 180746 463938 304676 511480
1000000
643075 19296 90518 794414 293248
1000000
285067 772339 288002 96991 725371
1000000
813717 69581 71317 150947 217240
1000000
225186 480433 605598 382204 6943
1000000
804870 175959 92661 506025 404609
1000000
59814 158572 800136 179068 260896
1000000
44673 815775 736260 458301 118112
1000000
972415 380779 44543 468412 343613
1000000
216547 810163 691502 535494 195351
1000000
71505 744151 783639 929373 104853
1000000
374234 777681 901122 696301 660482
1000000
50767 600905 954161 563551 225052
1000000
274645 221966 747027 114725 357745
1000000
754775 614968 110716 900214 653262
1000000
590478 69040 950977 754032 494411
1000000
402251 707214 288884 514370 801375
1000000
232060 322021 145053 891590 21908
1000000
125667 684449 260295 272926 484151
1000000
126731 828849 833093 695140 989016
1000000
402329 442846 763460 654000 527417
1000000
657640 480070 777807 605335 240293
1000000
321477 933606 94719 669186 519650
1000000
446701 896047 353046 645897 662055
1000000
484055 812394 343828 896375 634883
1000000
895325 99420 167908 623524 862377
1000000
232561 385721 464247 232593 139870
1000000
899784 277244 115710 992926 472536
1000000
131703 798853 15475 126789 102739
