name	rank	score_ave		score1	score2	score3	score4	score5	score6
025	1	0.9		1	1	0.7	0.9	0.9	0.9	
033	2	0.86		0.9	1	0.5	1	0.9	
022	3	0.816667		0.8	0.8	1	0.3	1	1	
005	4	0.8		0.6	1	0.7	0.7	0.8	1	
009	5	0.766667		1	0.9	0.5	1	0.9	0.3	
004	6	0.716667		0.5	0.7	0.4	1	1	0.7	
031	7	0.7		0.8	0.3	0.9	0.9	0.6	
014	8	0.7		1	0.8	0.7	0.3	0.7	
023	9	0.683333		0.6	0.9	0.8	1	0.2	0.6	
015	10	0.68		0.4	0.4	1	0.8	0.8	
011	11	0.68		0.5	0.2	0.9	0.9	0.9	
010	12	0.65		0.9	0.7	1	0.5	0.4	0.4	
017	13	0.64		0.9	0.5	0.5	0.6	0.7	
012	14	0.64		0.6	0.5	0.8	0.7	0.6	
021	15	0.633333		0.1	0.4	0.9	0.8	0.8	0.8	
007	16	0.633333		0.8	0.6	0.8	0.4	0.7	0.5	
032	17	0.62		0.6	0.5	0.8	0.4	0.8	
028	18	0.6		0.4	0.6	0.6	0.8	0.6	
016	19	0.58		0.8	0.6	0.4	0.7	0.4	
027	20	0.52		0.2	0.9	0.4	0.6	0.5	
029	21	0.52		0.7	0.2	0.3	0.7	0.7	
008	22	0.516667		0.4	1	0.6	0.6	0.3	0.2	
018	23	0.5		0.7	0.2	0.6	0.5	0.5	
001	24	0.483333		0.2	0.5	0.9	0.2	0.6	0.5	
030	25	0.48		0.9	0.7	0.2	0.2	0.4	
003	26	0.433333		0.7	0.3	0.2	0.6	0.5	0.3	
034	27	0.42		0.4	0.8	0.3	0.5	0.1	
013	28	0.36		0.2	0.3	0.1	0.2	1	
026	29	0.32		0.3	0.4	0.5	0.1	0.3	
019	30	0.32		0.3	0.3	0.3	0.4	0.3	
024	31	0.283333		0.5	0.7	0.1	0.2	0.1	0.1	
002	32	0.216667		0.3	0.2	0.1	0.4	0.1	0.2	
035	33	0.2		0.1	0.1	0.1	0.3	0.4	
006	34	0.15		0.1	0.1	0.3	0.1	0.2	0.1	
020	35	0.14		0.1	0.1	0.2	0.1	0.2	
